I
 24,21,32,27,20,17,15,31,28,35,33,26,23,16,30,34,19,22,18,1
I'D
 16
I'LL
 17,21,35,24,19,16
I'M
 32,35,17,26,24,21,27,19,16,1
I'VE
 21,31,15
I.E
 22
IF
 34,26,16,25,22,21,17
ILEGAL
 39
IMPROVEMENT
 1
IN
 22,34,23,32,24,20,35,28,15,31,30,18,16,1,39,33,26,21,19
INCLUDE
 1
INDEX
 24
INEXPLICABLY
 1
INSIDE
 25,18,15
INSTEAD
 22
INTERNET
 1
INTO
 35
INTRO
 24,32,37,34,33,30,28,18,17,16,15
INVITING
 22
IS
 28,34,16,27,25,21,15,39,32,31,23,22
IT
 21,32,26,31,22,30,27,15,35,33,24,23,20
IT'S
 26,35,33,32
